目标点： 1.26155558 -0.11243139 -0.27304755  88.2684081635,0.0850522112335,115.864270364

相机数据： 
  position: 
    x: -0.0829281285405
    y: 0.0183543693274
    z: 0.552563965321
  orientation: 
    x: -0.526761407173
    y: 0.429122187468
    z: -0.471509372321
    w: 0.562188117937

