image_width: 1920
image_height: 1080
camera_name: narrow_stereo
camera_matrix:
  rows: 3
  cols: 3
  data: [1169.30681,    0.     ,  920.98555,
            0.     , 1164.10079,  503.34929,
            0.     ,    0.     ,    1.     ]
distortion_model: plumb_bob
distortion_coefficients:
  rows: 1
  cols: 5
  data: [0.089597, -0.209525, -0.006021, -0.011756, 0.000000]
rectification_matrix:
  rows: 3
  cols: 3
  data: [1., 0., 0.,
         0., 1., 0.,
         0., 0., 1.]
projection_matrix:
  rows: 3
  cols: 4
  data: [1170.5304 ,    0.     ,  918.94014,    0.     ,
            0.     , 1179.02441,  497.02643,    0.     ,
            0.     ,    0.     ,    1.     ,    0.     ]
