image_width: 1920
image_height: 1080
camera_name: narrow_stereo
camera_matrix:
  rows: 3
  cols: 3
  data: [1136.6399 ,    0.     ,  959.06707,
            0.     , 1136.88727,  539.12713,
            0.     ,    0.     ,    1.     ]
distortion_model: plumb_bob
distortion_coefficients:
  rows: 1
  cols: 5
  data: [0.019367, -0.052131, 0.003435, -0.000312, 0.000000]
rectification_matrix:
  rows: 3
  cols: 3
  data: [1., 0., 0.,
         0., 1., 0.,
         0., 0., 1.]
projection_matrix:
  rows: 3
  cols: 4
  data: [1120.96485,    0.     ,  958.16644,    0.     ,
            0.     , 1138.89878,  541.80893,    0.     ,
            0.     ,    0.     ,    1.     ,    0.     ]