image_width: 1920
image_height: 1080
camera_name: narrow_stereo
camera_matrix:
  rows: 3
  cols: 3
  data: [1100.208226 ,0.000000, 938.263503,
        0.000000 ,1089.688288 ,533.024118,
        0.000000 ,0.000000 ,1.000000]
distortion_model: plumb_bob
distortion_coefficients:
  rows: 1
  cols: 5
  data: [-0.012628 ,-0.019616 ,-0.000472 ,-0.007808, 0.000000]
rectification_matrix:
  rows: 3
  cols: 3
  data: [1., 0., 0.,
         0., 1., 0.,
         0., 0., 1.]
projection_matrix:
  rows: 3
  cols: 4
  data: [1072.727791, 0.000000 ,914.436922, 0.000000,
          0.000000 ,1087.384893, 532.529808 ,0.000000
            0.     ,    0.     ,    1.     ,    0.     ]


