image_width: 1920
image_height: 1080
camera_name: narrow_stereo
camera_matrix:
  rows: 3
  cols: 3
  data: [1100.208226 ,0.000000, 938.263503,
        0.000000 ,1089.688288 ,533.024118,
        0.000000 ,0.000000 ,1.000000]
distortion_model: plumb_bob
distortion_coefficients:
  rows: 1
  cols: 5
  data: [-0.012628 ,-0.019616 ,-0.000472 ,-0.007808, 0.000000]
rectification_matrix:
  rows: 3
  cols: 3
  data: [1., 0., 0.,
         0., 1., 0.,
         0., 0., 1.]
projection_matrix:
  rows: 3
  cols: 4
  data: [1072.727791, 0.000000 ,914.436922, 0.000000,
          0.000000 ,1087.384893, 532.529808 ,0.000000
            0.     ,    0.     ,    1.     ,    0.     ]


[image]

width
1920

height
1080

[narrow_stereo]

camera matrix
1119.490894 0.000000 875.590001
0.000000 1102.947310 518.746924
0.000000 0.000000 1.000000

distortion
0.004333 -0.031483 -0.001365 -0.016549 0.000000

rectification
1.000000 0.000000 0.000000
0.000000 1.000000 0.000000
0.000000 0.000000 1.000000

projection
1083.410506 0.000000 822.770481 0.000000
0.000000 1115.357032 516.923145 0.000000
0.000000 0.000000 1.000000 0.000000


