image_width: 1920
image_height: 1080
camera_name: narrow_stereo
camera_matrix:
  rows: 3
  cols: 3
  data: [1103.494676,    0.     ,  946.560923,
            0.     , 1108.031488,  497.681315,
            0.     ,    0.     ,    1.     ]
distortion_model: plumb_bob
distortion_coefficients:
  rows: 1
  cols: 5
  data: [0.018467, -0.040618, -0.012386, -0.008799, 0.000000]
rectification_matrix:
  rows: 3
  cols: 3
  data: [1., 0., 0.,
         0., 1., 0.,
         0., 0., 1.]
projection_matrix:
  rows: 3
  cols: 4
  data: [1093.433350 ,    0.     ,  919.997905,    0.     ,
            0.     , 1115.063843,  483.751928,    0.     ,
            0.     ,    0.     ,    1.     ,    0.     ]
